449
145
229
365
319
432
285
313
349
183
31
473
121
236
330
263
284
223
185
458
224
239
238
158
242
334
471
163
458
173
40
234
272
235
39
404
327
181
320
234
275
69
467
120
401
149
441
470
27
244
119
118
222
484
261
7
481
275
478
200
80
456
8
468
230
456
91
256
209
33
258
310
15
399
120
351
177
11
297
60
285
388
267
385
260
352
396
320
69
118
97
140
374
177
200
430
436
371
292
273
324
299
368
416
355
407
128
302
192
216
404
214
126
171
32
447
9
81
310
409
310
417
92
259
48
113
357
223
394
78
138
173
2
454
499
332
231
409
441
110
133
386
268
322
143
304
342
377
498
215
160
264
247
18
409
1
135
298
111
100
308
258
491
450
42
461
282
354
147
47
274
264
120
377
127
76
141
465
39
21
456
381
152
268
152
266
458
291
474
175
447
284
352
27
398
11
409
70
59
96
497
447
139
143
92
345
193
209
499
202
60
141
293
216
297
259
339
252
149
469
493
299
358
450
415
174
276
181
48
305
410
17
118
29
26
492
240
274
336
298
199
288
412
466
431
320
68
120
480
248
173
7
168
84
10
343
169
183
422
488
425
195
135
359
49
339
384
167
31
417
38
296
47
62
177
212
240
262
463
166
445
38
59
37
224
454
242
309
378
138
500
2
443
73
203
353
179
11
406
296
204
147
368
349
251
394
441
81
63
447
222
89
398
325
276
496
421
232
428
465
101
40
81
473
39
347
189
75
473
76
449
243
305
191
18
315
451
385
431
283
351
358
343
19
346
114
94
122
314
347
231
144
299
364
487
416
487
416
483
121
412
373
229
24
62
257
133
112
110
417
217
444
178
183
434
240
441
50
337
418
296
275
167
62
462
187
138
272
381
466
296
367
156
393
436
151
58
72
197
133
250
407
133
176
336
81
366
232
438
457
91
316
416
40
53
92
119
116
58
494
92
337
173
349
275
319
121
9
274
168
149
136
87
46
333
461
34
140
242
476
33
336
51
257
450
174
235
159
435
161
180
104
309
316
99
261
314
11
458
310
494
305
155
50
105
207
223
380
500
144
430
399
248
471
226
250
256
413
311
402
64
122
245
292
304
125
283
210
260
66
358
397
452
436
330
469
279
151
225
449
215
38
422
212
321
62
83
172
357
340
226
334
362
148
248
118
428
79
316
245
228
274
107
95
182
484
147
430
199
468
119
341
83
77
246
399
492
168
374
423
242
146
430
173
203
141
150
328
195
80
372
330
231
129
314
151
324
333
135
458
447
148
433
172
157
345
378
250
494
219
406
395
477
64
186
244
337
29
405
82
107
436
387
326
148
84
283
423
68
6
256
401
363
395
495
351
49
324
270
442
292
221
103
199
195
39
483
261
30
377
417
148
17
344
335
230
312
439
304
246
258
447
124
277
89
8
460
471
235
256
32
291
59
383
396
38
473
11
409
115
486
10
402
493
231
164
20
90
39
191
84
64
310
24
379
423
235
310
312
1
360
109
189
205
167
101
396
94
460
256
218
330
368
330
179
144
426
437
362
202
420
81
120
78
316
292
473
198
65
86
436
146
240
342
43
332
473
243
307
492
324
276
312
142
184
445
310
52
295
376
389
35
343
401
296
399
305
68
433
470
171
95
417
234
384
260
191
296
463
383
241
101
394
211
229
109
124
288
320
451
328
475
27
229
130
228
155
498
128
389
270
124
373
268
469
97
193
395
94
337
481
202
100
299
52
382
345
314
315
183
184
337
415
379
495
52
352
63
347
403
397
193
261
492
73
367
123
376
118
211
429
300
423
201
233
89
179
330
99
66
450
383
379
136
129
383
130
153
333
371
364
373
267
239
436
144
256
177
472
451
226
398
132
388
307
487
171
23
173
410
294
55
64
459
206
333
260
438
72
89
461
287
210
44
66
142
192
465
366
88
134
408
433
373
174
201
49
447
276
306
269
395
421
125
227
306
247
44
264
235
491
135
339
33
413
267
191
277
216
167
137
484
183
421
278
203
245
11
320
340
415
434
443
86
41
284
286
67
460
381
14
415
263
6
450
25
358
238
456
311
366
267
253
295
300
44
188
49
125
143
20
397
180
417
437
435
404
469
174
317
103
165
373
2
235
389
207
1
220
492
378
398
330
323
192
500
469
281
221
420
474
337
126
63
123
393
409
120
380
321
479
122
181
2
225
383
186
111
415
479
181
460
317
80
416
361
461
378
13
116
127
204
293
486
471
238
196
216
419
349
38
396
9
443
60
208
436
213
334
392
395
390
71
51
266
306
130
113
465
312
239
436
452
474
223
363
288
377
473
114
354
278
17
117
78
80
172
219
398
207
335
301
174
335
49
436
152
4
205
193
304
305
191
232
119
466
248
475
141
144
239
55
389
452
448
398
373
323
371
55
108
188
499
393
387
496
168
129
80
185
129
173
293
319
263
304
128
292
288
95
275
23
356
230
38
119
85
317
185
11
326
386
222
478
166
434
499
217
97
426
278
329
489
392
140
132
84
310
120
50
159
272
195
127
354
78
264
464
365
346
475
253
156
200
311
5
489
207
154
380
67
5
472
27
39
2
269
283
359
17
70
133
144
108
117
105
380
291
217
236
191
385
357
263
3
181
222
116
9
302
303
387
283
370
360
289
241
401
203
374
386
218
153
57
178
35
99
355
185
498
409
281
450
448
348
134
196
85
273
96
17
471
96
84
72
226
471
324
264
410
203
354
268
396
480
316
19
380
443
58
252
213
355
321
75
261
104
419
233
146
14
87
405
302
228
449
274
380
315
420
157
372
446
414
244
104
495
372
494
459
369
10
25
320
368
361
168
266
473
241
42
179
217
185
126
20
248
139
285
483
264
366
175
254
106
491
237
439
64
416
492
43
453
235
126
316
355
126
286
497
96
346
55
70
114
359
466
367
248
421
309
129
136
378
243
245
278
99
99
37
460
138
376
34
405
269
56
362
306
470
28
442
27
235
52
69
188
38
84
226
213
231
216
113
442
191
66
281
252
29
28
133
368
101
379
73
487
450
105
382
339
17
76
149
108
142
145
197
62
126
407
75
84
118
163
205
497
387
35
207
392
52
218
404
389
57
165
248
158
114
166
476
200
206
197
225
124
193
163
302
326
119
131
374
157
96
215
500
62
444
157
489
42
126
28
182
470
425
38
395
291
271
26
102
403
318
187
19
483
419
326
443
181
60
134
460
498
235
113
63
326
426
190
61
93
88
129
102
237
81
425
331
243
387
467
114
193
485
41
24
8
289
351
319
142
181
442
137
294
30
140
310
288
25
326
427
99
480
392
430
3
36
280
114
187
105
186
39
84
383
456
246
17
74
266
355
120
475
131
313
105
16
233
17
261
258
45
124
439
81
411
73
63
489
347
32
275
238
407
440
251
446
138
44
394
91
474
200
498
389
368
4
199
129
192
477
319
270
206
377
465
405
170
87
62
319
25
164
217
46
478
225
122
355
174
309
127
8
491
425
391
197
262
238
124
274
207
226
66
449
96
160
28
484
442
201
493
134
15
269
443
164
73
23
363
364
394
452
258
405
244
324
209
497
443
25
487
364
391
107
454
281
486
124
38
71
412
57
303
199
340
159
365
205
479
397
257
451
331
211
451
326
343
107
172
322
471
260
486
161
243
14
250
55
260
350
52
33
257
492
207
386
323
342
81
175
385
137
41
333
180
288
167
157
55
161
54
299
339
156
490
456
91
412
177
51
265
151
162
51
100
257
321
462
405
415
158
185
305
261
214
163
80
142
303
460
409
399
389
259
244
491
72
224
266
481
426
145
85
243
142
321
282
76
198
119
227
328
201
320
391
350
151
69
120
470
351
134
426
447
382
330
19
312
122
130
141
256
51
173
327
415
150
179
367
369
190
48
155
485
500
335
70
415
455
341
21
348
333
220
84
179
291
158
359
308
176
485
112
437
488
475
374
277
419
34
40
227
367
267
13
326
339
450
320
4
252
341
136
250
480
490
337
367
70
234
380
460
341
343
453
401
100
487
27
50
384
73
382
322
16
123
258
343
405
482
270
422
57
210
116
100
137
414
302
158
408
407
66
308
492
82
22
494
164
260
174
239
446
440
404
10
274
241
36
187
146
130
320
138
80
434
336
54
185
367
324
287
142
193
288
243
211
322
13
169
165
164
262
308
470
153
62
269
24
428
323
348
410
320
324
493
299
25
104
191
207
382
28
475
164
248
61
338
393
420
336
398
110
44
467
356
431
332
164
249
271
209
59
448
142
381
40
316
129
487
499
369
499
149
437
261
33
155
145
359
318
455
409
219
223
172
48
155
417
376
327
382
219
212
245
136
401
101
121
162
399
464
481
32
437
185
356
360
223
428
358
59
135
183
453
261
483
78
426
469
397
228
11
425
311
219
361
215
263
88
202
366
218
387
488
465
444
479
81
199
110
20
13
47
36
119
111
88
228
278
435
364
273
20
254
362
180
425
251
370
232
183
11
425
463
169
305
471
486
152
127
221
24
436
470
491
424
485
236
10
49
390
9
413
394
130
173
208
225
121
323
155
427
143
449
58
141
46
14
30
193
228
204
254
72
314
332
185
245
174
201
278
133
2
41
219
142
389
191
388
267
68
482
474
420
387
362
322
346
50
239
467
378
190
259
240
183
129
50
131
479
30
448
118
102
46
392
270
415
68
85
279
486
429
410
274
351
28
322
182
199
487
157
466
22
67
7
132
391
331
450
170
472
330
155
42
67
466
470
463
110
85
495
127
10
445
491
2
56
164
482
66
127
37
77
178
227
346
165
44
319
258
286
187
215
108
145
436
189
218
397
31
113
6
229
322
342
359
195
209
48
153
84
438
409
384
144
429
471
217
292
483
390
291
411
127
217
98
247
352
127
264
489
34
237
59
116
20
230
18
21
51
58
461
187
332
86
414
409
226
452
7
367
184
366
453
163
99
475
488
236
449
369
498
362
205
148
337
163
164
55
279
266
77
123
426
288
161
361
289
240
417
307
73
151
464
413
420
27
354
257
27
247
499
23
38
229
132
27
312
324
47
88
148
370
371
40
465
61
330
189
80
37
125
450
292
298
112
146
307
266
124
174
303
258
432
216
290
206
425
405
186
325
31
233
66
275
164
496
254
29
463
403
98
397
1
278
60
173
298
301
70
11
378
342
135
361
114
4
428
160
140
441
242
183
356
267
378
36
173
225
127
331
311
245
310
50
199
362
484
111
285
287
488
1
441
52
83
418
246
481
281
242
66
416
434
118
227
406
472
221
347
248
235
147
181
97
24
461
74
454
221
161
276
177
328
459
491
69
271
8
359
19
280
152
209
325
457
1
340
404
474
120
22
3
469
242
477
278
280
221
206
411
412
267
129
199
178
108
479
264
222
264
300
459
478
417
93
158
3
236
51
303
176
229
112
355
483
129
175
179
45
439
59
493
37
316
369
142
18
213
498
122
303
350
273
402
421
390
23
494
493
168
276
139
440
381
470
44
96
271
315
386
30
58
26
21
222
229
22
139
167
391
2
413
29
277
382
347
189
345
84
175
91
324
478
20
277
237
302
454
415
421
81
444
59
411
421
102
369
394
378
264
383
392
88
333
390
387
75
411
268
452
111
26
181
205
485
340
404
379
194
423
185
106
466
321
309
436
211
190
161
158
274
104
149
480
369
343
46
340
426
457
292
306
36
419
412
311
114
184
371
267
317
302
437
393
181
371
286
24
188
304
175
227
362
42
108
497
244
463
398
477
235
200
482
306
376
266
285
92
157
439
238
358
19
110
264
76
462
16
175
200
477
231
100
182
310
434
74
445
408
448
215
370
196
268
275
399
37
55
192
150
180
74
174
29
32
71
332
281
339
255
97
188
265
119
359
412
228
278
257
241
285
163
426
269
322
473
309
36
363
175
45
359
420
68
69
366
268
245
228
323
376
75
207
473
70
136
122
334
142
447
391
422
456
251
119
474
220
434
243
11
32
398
1
313
448
233
162
195
298
116
400
353
29
63
35
324
414
15
296
399
135
471
113
107
385
63
324
211
488
480
375
103
366
154
149
266
495
62
411
247
156
297
190
296
316
394
167
103
472
119
174
333
97
44
114
164
27
183
50
45
411
387
478
41
379
211
121
463
144
240
56
267
165
81
222
278
234
171
211
384
174
174
270
352
404
12
48
430
102
408
366
217
9
210
374
123
222
126
223
137
419
402
403
395
325
214
362
450
424
61
407
155
10
140
176
143
380
481
46
265
68
93
488
70
316
449
21
218
230
489
239
249
21
233
469
151
480
358
485
403
266
406
107
391
436
477
115
242
480
457
47
470
216
419
208
483
191
8
471
80
266
90
452
217
214
9
100
246
14
469
150
436
47
116
166
87
199
338
343
416
199
287
94
112
323
22
148
208
487
339
239
374
131
222
20
85
189
28
472
381
387
457
242
352
213
166
72
81
330
214
432
124
396
261
491
452
184
86
199
139
67
432
69
299
304
299
150
104
162
29
300
45
296
232
48
276
172
36
17
203
298
299
255
49
332
329
197
472
442
154
160
283
340
310
136
227
67
23
46
389
95
149
311
449
57
363
337
311
472
31
90
302
192
168
255
206
389
260
333
493
401
497
300
158
283
186
198
241
1
244
340
443
317
304
497
227
130
395
106
339
492
344
426
308
425
225
130
449
423
387
434
79
495
346
380
370
238
298
255
393
379
178
297
332
318
306
319
348
258
181
253
174
386
207
8
168
278
436
219
229
208
53
473
65
159
157
468
98
242
230
365
400
157
171
235
11
471
277
411
79
36
96
235
310
321
78
157
217
134
293
400
489
431
266
284
316
6
125
65
156
165
197
135
154
292
315
285
389
42
236
41
465
212
139
162
124
494
263
156
141
271
187
260
56
363
219
125
396
221
89
28
32
226
187
50
405
52
267
223
455
321
408
10
158
96
337
121
215
341
82
6
395
432
30
231
292
401
163
212
107
426
497
133
378
400
136
205
395
176
37
46
120
394
414
333
144
183
16
29
216
181
365
230
201
4
323
169
102
237
38
299
336
409
63
47
376
19
259
211
229
218
321
88
442
34
479
462
387
273
428
478
15
202
375
363
318
300
483
282
399
268
161
61
241
417
226
182
481
314
387
61
444
485
457
156
286
419
419
460
404
108
382
448
413
253
326
489
35
388
290
323
397
25
269
360
164
4
429
211
387
18
10
78
428
45
332
4
67
408
22
106
499
259
335
279
381
245
299
403
161
324
51
354
482
344
173
102
19
376
67
269
78
418
235
255
356
73
373
265
426
473
139
378
101
306
20
220
494
390
312
442
31
280
286
484
216
127
280
302
391
304
99
99
461
280
236
58
105
154
258
496
406
411
462
140
179
232
58
220
145
356
42
44
133
32
339
152
346
401
296
98
118
217
27
168
377
169
9
346
2
396
432
497
439
457
285
430
233
335
11
255
53
404
224
41
349
176
405
430
5
338
133
123
329
233
231
213
113
185
38
244
5
101
282
417
429
281
58
92
111
232
105
313
449
206
384
25
474
498
342
414
479
414
364
151
271
334
136
153
13
460
51
419
206
238
148
494
1
274
497
5
351
344
250
454
42
138
457
469
327
251
52
236
344
472
242
244
352
461
253
254
413
34
448
414
297
341
391
434
311
227
406
429
90
224
317
384
336
30
176
438
81
271
77
203
356
492
164
58
362
109
344
402
464
258
397
124
24
443
495
118
374
282
318
462
454
6
115
168
168
409
266
266
189
410
17
50
58
299
421
152
362
56
394
452
325
465
392
463
319
192
295
21
397
143
459
170
14
64
231
492
347
144
67
39
281
181
74
87
318
298
282
351
61
290
55
66
489
327
279
289
20
202
403
494
471
33
18
451
48
399
25
422
22
459
452
34
108
57
9
246
198
446
300
391
17
291
86
197
429
113
219
386
174
81
280
178
91
11
346
44
489
137
273
499
403
465
377
293
380
490
222
384
345
471
83
441
252
48
201
117
151
285
169
400
19
338
401
170
244
473
302
367
442
159
130
170
221
64
126
179
498
344
456
476
471
167
309
91
463
74
350
114
483
100
317
413
353
213
475
94
396
25
142
483
141
165
383
477
314
100
144
466
249
33
214
329
140
104
364
150
274
373
206
90
408
187
64
236
456
209
63
222
3
124
460
376
285
474
291
459
298
41
237
307
84
239
326
241
273
218
462
142
397
211
32
448
67
316
229
290
277
242
168
59
295
282
155
499
329
461
170
361
152
279
277
324
334
311
133
242
190
51
289
262
317
148
477
35
291
131
10
187
42
471
404
169
302
28
151
281
213
417
210
48
46
42
423
360
89
197
198
259
338
334
483
223
487
215
174
48
189
135
16
98
101
481
408
241
392
325
181
348
484
332
312
165
435
336
264
10
432
361
484
248
53
177
422
329
28
429
191
268
57
458
6
94
48
134
17
268
197
369
360
279
368
410
129
118
310
82
140
357
479
317
344
393
466
89
243
383
419
292
343
213
314
407
195
5
304
166
392
101
344
281
43
16
107
134
159
370
448
69
462
88
447
223
433
98
39
161
260
64
61
97
6
115
153
167
54
438
170
351
286
402
471
180
214
458
121
279
77
47
366
53
202
329
385
467
181
13
21
351
8
139
15
390
228
280
297
305
279
92
291
333
394
434
25
63
407
387
343
288
28
329
404
234
389
49
326
138
440
433
432
85
465
472
347
67
392
437
341
253
332
482
500
499
335
111
344
358
325
157
10
169
195
98
421
303
84
400
468
39
353
304
301
71
187
383
104
253
318
145
276
238
56
15
27
6
178
460
112
164
19
62
112
206
375
43
381
390
351
304
49
470
425
110
365
191
288
483
174
139
160
36
184
397
343
260
111
447
186
407
178
279
303
160
304
341
268
239
445
255
244
442
234
494
52
8
164
362
225
1
405
245
455
40
6
335
244
25
290
10
191
456
436
124
470
446
482
403
277
144
54
414
339
270
131
416
123
434
200
470
272
401
110
130
492
337
429
349
102
460
220
374
153
454
230
404
442
454
272
177
424
23
95
329
141
370
14
396
129
74
182
446
26
125
453
27
123
432
378
381
64
91
441
481
244
393
303
117
73
243
101
45
470
116
22
127
376
450
260
355
475
33
44
159
365
248
284
45
348
448
222
148
380
270
161
115
383
86
437
117
317
489
120
268
381
199
15
347
291
208
324
308
4
431
195
101
354
92
20
240
483
420
473
219
258
439
137
35
8
270
308
196
472
242
265
7
172
145
117
218
36
316
291
142
104
264
296
484
292
307
304
335
330
168
95
211
84
207
3
107
410
375
279
400
344
7
126
350
288
160
370
390
389
409
278
426
148
251
37
190
454
444
124
333
316
92
26
375
476
90
234
420
332
271
201
395
227
239
12
431
482
191
213
239
256
489
390
223
108
305
481
294
257
322
89
488
474
177
19
365
197
94
228
138
264
160
436
418
470
81
194
372
464
81
96
81
359
204
114
109
90
218
135
342
428
420
23
394
212
13
348
14
315
121
293
226
401
17
468
269
131
42
394
102
107
217
331
313
260
39
443
435
191
147
384
471
431
67
7
289
390
308
51
134
210
169
383
207
354
70
45
166
258
121
111
230
437
146
132
320
374
82
463
157
183
72
429
401
180
218
33
318
445
430
35
474
66
214
360
232
408
459
326
68
190
441
306
433
460
397
118
312
378
296
219
357
454
1
440
36
428
232
214
66
404
496
302
96
195
427
477
443
232
306
209
13
207
66
418
58
199
167
346
270
457
67
72
170
147
286
236
133
226
72
222
152
189
363
355
245
82
256
477
92
154
65
169
235
159
158
340
406
118
335
357
230
319
462
329
420
460
485
450
301
5
76
221
46
209
163
304
434
114
335
472
32
350
420
469
13
215
458
38
45
163
109
159
10
38
220
455
108
157
350
218
362
143
480
31
268
323
114
244
459
457
217
75
195
477
243
132
27
224
147
437
335
480
422
90
25
5
345
102
162
301
211
358
234
407
36
39
9
85
279
235
194
272
480
413
52
81
412
225
446
398
64
278
158
132
398
291
61
198
39
10
339
149
196
232
283
375
466
335
121
36
282
321
85
48
138
180
389
28
339
101
317
282
276
428
419
252
136
106
472
286
402
450
52
21
452
265
237
72
259
29
125
91
209
273
370
249
161
119
80
199
413
468
335
258
31
61
256
409
414
129
287
489
472
236
136
459
327
420
375
395
257
316
436
460
154
383
435
242
170
116
3
413
58
236
270
111
286
257
155
373
138
185
184
477
355
434
486
106
216
381
417
174
385
14
228
127
97
471
139
350
353
61
382
16
439
29
495
94
372
203
362
278
134
486
186
446
132
386
332
199
30
432
30
130
210
335
281
52
421
344
191
19
274
486
17
217
272
17
322
121
401
84
289
457
195
246
41
187
483
438
496
393
306
447
383
425
166
223
145
150
431
275
361
232
367
285
230
94
463
177
430
261
263
359
452
37
303
371
16
39
270
8
50
290
210
134
301
363
225
105
389
292
21
479
92
225
231
31
135
95
339
242
371
467
112
413
447
426
258
201
50
429
304
194
407
48
113
243
261
179
500
164
491
122
382
153
409
174
425
407
148
100
403
335
43
105
191
393
287
65
422
120
254
455
407
32
181
294
409
390
267
448
323
288
74
166
181
273
338
410
6
150
166
23
382
366
210
409
105
281
455
434
320
400
30
475
125
219
172
324
93
270
156
287
280
155
87
122
172
371
324
139
8
261
396
395
292
31
20
19
73
472
354
257
105
5
99
178
291
28
365
266
437
159
286
93
344
91
95
467
366
182
141
372
222
242
240
66
307
296
424
371
448
446
268
307
29
351
352
59
420
44
415
372
99
373
246
136
426
132
172
155
1
135
152
238
356
206
397
470
399
284
449
291
126
234
14
123
284
425
165
235
129
420
301
268
433
134
75
456
167
303
354
221
124
4
449
433
449
231
354
499
491
376
20
292
87
120
480
53
362
15
390
45
281
434
448
135
150
336
106
148
373
312
127
56
433
143
393
384
381
447
40
487
446
216
154
70
12
7
256
276
156
348
6
426
439
427
89
269
378
307
29
468
62
384
462
129
29
427
446
299
189
153
11
206
263
328
386
139
172
475
261
429
2
215
275
278
348
148
124
333
84
193
460
252
369
69
190
473
406
280
183
481
350
406
125
257
200
242
284
74
153
271
235
93
263
206
174
264
326
5
152
362
140
323
146
140
461
226
325
241
427
156
18
220
12
13
254
338
270
8
407
281
294
281
181
459
278
54
300
458
372
401
179
420
320
374
192
196
208
29
105
464
157
48
479
2
31
325
146
235
9
410
474
240
353
415
301
243
339
297
95
68
175
495
405
368
353
163
151
198
452
197
253
400
419
56
500
404
103
9
237
467
320
382
438
195
24
336
194
120
480
353
375
144
13
199
107
107
205
108
303
283
151
279
251
339
414
455
423
264
334
156
416
250
116
281
222
324
356
202
400
62
316
477
27
25
175
391
243
288
451
302
385
246
186
369
240
466
499
455
156
198
408
156
354
255
309
112
386
167
63
391
385
294
375
33
225
262
139
131
112
132
6
238
191
79
495
260
256
242
232
147
385
416
325
144
193
50
246
478
12
49
428
113
264
253
493
342
385
58
27
142
21
412
244
151
495
376
377
258
67
49
93
399
482
92
446
471
373
67
401
2
231
435
162
240
423
378
78
404
412
363
137
37
312
332
468
304
7
472
396
6
427
303
59
486
441
47
476
486
269
80
494
399
261
343
273
430
344
23
246
361
152
225
478
182
131
120
274
202
233
349
226
359
420
12
234
488
241
49
21
297
300
500
248
61
97
228
27
338
152
62
320
406
330
254
232
488
92
53
61
387
394
332
345
353
60
293
288
464
239
272
479
492
393
130
212
214
149
314
293
183
60
53
80
434
185
37
396
11
378
490
249
338
91
438
23
189
46
79
215
380
35
145
86
443
211
171
225
104
242
493
93
381
253
454
437
465
10
288
141
443
234
200
251
316
116
49
88
231
409
70
334
134
76
70
43
426
467
445
80
111
90
422
76
14
227
138
400
390
491
104
426
445
67
306
444
149
364
6
61
476
150
254
206
211
225
258
286
389
307
174
237
155
407
243
216
262
278
31
391
438
41
464
493
342
42
382
401
473
415
326
384
3
139
43
371
48
223
284
94
167
129
234
250
284
137
49
227
94
134
164
321
309
403
257
367
485
151
410
7
466
408
440
126
370
70
223
54
422
444
469
67
105
284
245
318
165
129
363
347
365
11
450
35
286
385
430
335
222
59
249
187
227
372
145
327
160
447
20
204
96
72
427
385
222
439
433
334
241
120
395
247
444
483
435
321
340
442
34
352
76
17
167
317
68
383
456
345
5
135
36
32
256
293
405
165
4
378
125
87
305
102
171
180
330
464
258
308
499
445
148
148
142
363
85
379
302
53
115
329
355
372
293
398
291
363
189
383
157
40
245
210
100
288
109
467
28
363
162
167
236
229
223
156
186
86
368
151
221
471
37
375
174
1
469
466
336
75
228
220
45
98
486
161
286
141
497
478
321
226
346
151
175
158
124
140
271
134
131
480
40
151
168
251
268
292
204
478
461
209
170
499
217
134
454
412
440
339
431
283
456
160
426
350
473
292
388
367
14
283
314
470
131
410
264
144
17
208
156
49
32
35
192
284
426
447
458
89
323
71
440
322
142
10
421
170
212
389
481
110
92
280
329
36
156
184
188
439
348
97
299
43
237
180
262
86
73
62
381
211
318
330
388
243
490
236
122
151
431
37
319
317
184
166
477
211
313
300
276
435
403
277
57
479
478
108
144
383
89
340
317
36
18
362
124
336
406
57
184
80
493
153
441
15
138
331
327
478
230
211
196
76
370
309
207
68
407
240
206
40
115
385
83
227
300
478
314
334
343
335
107
69
353
235
317
491
7
424
208
18
137
387
275
356
268
8
380
307
493
498
319
351
376
120
297
455
283
255
466
66
318
203
213
104
232
282
351
403
268
11
190
364
6
129
48
409
52
303
94
61
380
470
53
102
357
116
124
437
198
440
145
281
20
400
491
132
465
499
467
32
258
297
157
127
241
466
413
36
137
38
20
114
444
147
473
487
232
288
134
182
423
87
370
484
200
399
431
441
420
177
218
140
222
128
120
237
459
152
105
105
321
254
260
176
417
280
317
390
334
33
365
152
15
113
190
27
318
130
16
367
10
400
112
109
446
149
485
369
410
332
101
197
270
271
185
176
210
340
393
125
341
95
362
426
73
449
148
159
352
341
102
98
1
468
166
436
223
14
62
381
304
258
113
442
112
243
3
379
58
362
34
278
159
373
251
209
321
94
58
450
10
421
85
261
80
86
236
143
325
408
439
393
211
438
433
286
247
338
340
365
14
247
49
103
309
330
13
290
265
231
208
255
30
157
470
284
22
104
433
195
265
400
54
364
247
87
366
215
239
135
102
414
329
405
477
434
89
447
240
280
415
107
35
37
394
297
268
203
389
69
483
390
493
32
267
246
108
123
66
316
253
62
401
423
64
443
473
106
142
264
289
17
45
339
315
93
447
426
337
41
383
272
400
70
423
427
238
431
188
466
456
279
140
123
463
284
40
211
22
201
344
79
32
356
63
481
324
105
180
263
136
21
82
238
233
52
365
352
217
21
36
35
359
163
473
115
384
129
168
432
255
60
281
28
174
406
359
392
266
115
391
245
178
64
72
201
225
31
334
430
166
356
337
125
306
241
46
210
371
484
106
245
265
404
407
372
471
165
21
245
145
445
223
467
291
5
261
269
187
117
86
327
38
395
134
338
308
156
244
331
309
365
466
237
88
295
59
250
371
135
254
117
317
196
371
266
277
72
16
493
291
422
159
481
13
85
141
193
375
48
41
59
428
459
304
126
113
203
438
445
105
439
284
149
91
280
108
317
372
156
29
5
202
120
459
488
3
23
491
242
180
350
58
243
57
319
122
55
477
111
489
88
226
64
150
438
96
70
478
58
425
121
160
148
121
375
238
202
7
498
168
247
473
31
440
184
30
11
67
491
259
40
107
268
139
171
233
368
164
69
456
495
102
369
416
119
57
420
374
156
442
313
221
154
82
225
466
198
154
460
219
257
428
389
89
22
216
218
210
246
109
423
327
77
344
477
338
22
206
114
382
282
315
45
251
394
325
43
173
434
88
360
174
370
30
225
192
226
87
249
482
486
278
167
123
205
20
30
331
30
485
359
357
149
118
480
65
131
277
35
184
492
340
442
89
438
236
266
475
335
479
317
212
354
363
314
425
54
223
299
279
484
471
296
251
322
246
265
22
397
370
118
124
250
406
353
109
40
102
404
139
223
432
311
423
168
415
309
420
24
58
431
391
79
435
389
151
354
382
295
365
61
496
199
461
96
254
107
223
350
462
335
381
222
463
151
127
304
475
391
445
46
358
481
376
107
21
135
48
9
468
61
64
97
168
488
345
426
324
77
350
193
77
458
193
86
155
331
425
124
419
476
170
43
399
458
342
260
423
126
296
173
108
82
168
490
454
162
109
411
333
72
288
145
111
382
279
287
491
174
238
139
302
204
27
45
8
2
452
486
377
357
389
375
160
30
79
26
18
112
461
348
448
37
188
198
132
493
355
339
395
127
56
106
67
197
135
352
118
14
377
152
309
2
480
50
67
497
126
483
313
68
414
497
333
456
444
71
36
411
89
245
83
431
376
289
428
418
493
268
146
322
489
225
238
302
340
6
166
487
118
477
476
113
377
298
223
74
98
216
366
479
342
468
218
419
64
481
318
2
218
110
237
204
476
61
350
44
447
434
482
31
138
286
399
457
122
263
247
443
150
342
263
467
446
150
293
260
440
274
207
41
36
4
206
496
292
366
124
119
9
33
142
127
477
470
36
417
214
374
188
200
287
377
328
360
391
168
261
143
212
33
141
374
212
278
88
311
35
279
411
477
172
317
417
414
354
299
141
451
306
152
424
424
491
132
354
65
54
435
282
439
443
299
288
30
285
257
473
49
140
251
267
359
132
149
71
223
4
447
297
273
370
75
163
491
304
258
296
379
258
228
427
488
55
139
427
252
282
396
231
397
29
107
375
223
489
29
463
5
481
79
468
316
294
281
214
234
54
239
311
372
368
205
451
193
290
138
290
330
402
350
362
197
324
205
153
467
182
264
349
339
161
24
241
279
205
472
447
143
3
262
466
376
179
115
107
211
8
83
324
124
22
253
398
239
477
186
225
160
147
438
396
280
94
349
438
476
359
472
5
103
488
158
202
288
175
323
25
185
35
455
322
344
260
497
76
492
372
113
63
335
438
279
222
275
250
54
135
58
294
42
6
330
264
480
75
92
40
454
374
159
45
290
379
138
224
250
230
291
64
234
97
166
394
442
199
488
306
179
203
422
394
51
131
4
491
23
314
204
273
473
408
283
461
327
203
447
110
263
324
405
147
300
194
269
278
169
170
311
408
39
147
22
235
23
84
371
155
29
366
370
98
129
378
306
73
143
87
457
396
158
314
328
125
239
106
67
35
400
224
413
370
224
331
24
49
407
173
447
469
74
490
114
330
435
265
291
281
166
409
109
134
57
185
390
315
98
39
281
2
171
375
144
157
86
463
244
78
38
177
353
439
433
31
444
11
199
422
482
474
199
109
426
460
418
499
307
282
132
60
357
420
492
453
51
436
246
308
365
114
35
278
400
396
30
129
277
195
146
293
351
338
172
278
27
367
9
303
281
448
356
182
370
211
395
14
422
370
223
155
497
433
307
169
275
179
85
404
73
175
10
231
274
369
369
22
139
265
10
131
296
154
373
233
359
300
496
3
173
145
216
410
171
234
286
317
250
342
116
219
231
146
170
373
171
217
34
168
384
274
395
337
362
286
159
206
444
17
481
395
497
261
182
204
365
214
203
28
133
53
446
114
255
303
69
46
5
155
132
4
61
15
110
105
33
5
242
87
145
194
165
410
68
65
90
480
212
361
253
449
12
147
125
199
382
162
495
196
295
388
484
93
223
38
376
212
273
306
275
401
412
413
225
447
29
310
457
399
222
358
12
119
7
313
339
175
497
336
74
10
407
452
143
329
312
491
313
22
90
126
110
347
397
400
86
276
100
128
138
177
281
411
364
345
405
342
75
89
9
476
355
299
210
400
174
361
209
420
156
83
381
364
50
490
109
266
407
487
110
43
87
32
213
168
500
208
396
272
73
369
427
429
459
20
327
496
314
278
451
468
146
258
63
429
347
54
286
493
136
35
44
473
432
285
133
1
104
339
179
275
166
76
78
306
496
197
177
167
410
163
234
467
253
486
397
401
202
427
446
301
227
263
220
419
384
309
468
17
454
214
467
242
134
477
429
358
472
67
472
28
296
208
313
348
133
264
226
423
223
459
404
115
359
163
259
257
48
166
41
292
376
433
273
438
145
226
318
416
30
398
174
140
277
205
442
353
353
466
410
44
392
160
332
143
358
478
484
252
88
7
400
265
60
75
160
411
91
463
357
55
145
395
263
359
165
492
482
493
492
132
405
433
493
70
448
443
216
274
64
225
480
122
388
390
185
64
105
334
228
106
61
462
267
147
22
187
382
242
39
69
77
420
407
468
20
438
146
351
489
395
368
458
358
279
78
202
168
473
199
59
72
267
345
458
2
242
305
280
336
164
221
438
178
3
111
139
341
74
327
440
82
442
56
244
170
294
448
262
354
89
126
374
417
62
223
406
462
223
95
470
377
85
489
248
457
14
380
396
323
215
338
426
477
135
156
196
319
251
38
395
396
324
36
394
360
147
54
435
412
180
424
140
33
384
184
251
305
280
411
342
297
1
97
366
421
261
258
232
428
333
112
229
154
233
206
483
154
79
144
411
150
81
322
338
159
340
45
316
483
281
384
402
139
5
121
337
385
321
284
153
297
294
394
390
44
415
348
62
463
6
360
393
85
193
483
223
75
330
447
234
144
229
269
316
113
497
225
13
314
352
232
397
70
36
179
287
379
6
14
43
265
321
6
213
133
106
151
360
449
334
123
257
350
423
397
478
170
309
366
486
27
380
358
6
311
77
148
362
432
154
218
355
134
210
338
55
364
452
283
40
319
133
471
86
68
41
358
465
464
122
232
257
312
345
459
375
444
399
459
417
260
451
465
80
77
197
12
104
94
407
397
353
54
141
416
492
441
201
101
349
293
382
115
134
50
173
342
295
156
208
200
98
477
232
332
343
121
322
59
354
481
4
97
24
221
45
391
218
37
77
339
464
130
131
297
132
170
378
8
21
485
371
310
107
26
283
234
437
139
133
110
492
177
475
316
372
60
445
160
330
170
50
441
212
38
413
167
116
120
339
131
210
427
469
208
248
175
337
485
497
109
317
221
467
84
27
69
85
428
5
102
402
75
182
347
62
428
206
304
470
296
499
398
255
125
173
30
118
141
209
273
463
144
353
165
478
367
120
484
327
334
280
323
346
376
402
490
351
392
296
434
346
388
1
33
3
319
495
241
25
190
314
94
224
180
23
267
275
41
35
499
66
219
36
255
156
182
420
37
4
255
369
55
313
68
490
236
30
428
170
82
430
160
14
468
282
115
430
72
431
108
15
165
200
259
8
155
205
343
415
151
28
281
364
442
117
158
66
410
213
270
489
19
16
73
411
283
494
307
53
489
199
209
66
38
462
177
205
340
290
405
358
310
25
29
271
232
217
466
300
181
318
282
419
213
289
217
279
412
444
464
475
487
12
10
331
164
182
272
152
204
322
376
318
153
296
209
279
24
297
337
378
409
192
416
298
309
179
186
226
101
121
116
221
144
61
477
18
66
294
404
165
88
302
164
255
237
134
296
294
489
272
115
466
500
412
403
158
117
402
360
492
252
50
23
54
94
214
439
475
65
295
285
238
89
340
260
457
326
120
444
260
21
299
332
385
39
195
215
341
22
435
4
325
16
111
451
96
42
479
425
430
142
84
454
229
329
227
427
218
111
488
421
167
179
178
166
117
69
238
129
363
153
62
366
232
385
344
56
220
71
312
86
455
146
66
349
418
184
197
271
115
24
377
299
481
326
5
164
150
24
153
188
12
228
226
88
165
315
206
251
369
299
396
176
312
175
157
155
238
371
264
430
429
209
464
219
213
448
17
5
494
220
166
122
496
450
201
341
137
119
295
329
32
443
71
226
51
183
238
476
321
171
71
442
347
457
313
377
342
339
288
249
397
363
333
447
173
154
284
376
337
241
113
346
154
160
121
30
407
99
229
466
357
310
336
194
242
48
212
87
451
114
464
233
373
32
53
387
183
479
314
313
257
422
231
274
191
397
238
227
6
64
449
334
315
152
222
16
382
430
466
364
387
189
69
441
71
463
235
338
45
28
157
268
419
467
409
354
152
200
401
206
38
66
440
260
309
150
419
357
286
207
274
485
339
259
269
396
428
274
453
173
422
385
84
243
373
356
177
72
314
23
175
330
427
72
232
212
13
107
392
283
351
133
157
416
293
421
131
134
247
247
165
334
60
126
381
489
419
354
227
157
287
63
480
46
140
48
192
173
290
219
68
220
33
439
110
214
298
299
224
14
42
152
358
126
187
176
81
345
230
434
340
424
141
101
496
360
141
439
110
116
470
242
58
282
115
296
492
314
56
367
204
31
426
276
285
85
15
109
172
183
10
347
258
261
438
177
440
345
90
255
200
257
481
29
415
362
495
410
334
27
139
151
488
277
335
50
53
22
163
209
65
307
449
124
138
281
497
240
120
204
367
141
340
348
408
140
497
366
23
131
235
291
331
97
472
295
240
336
55
464
423
103
108
8
103
62
497
432
295
119
251
30
147
50
309
392
277
73
221
221
53
31
371
197
48
130
189
413
434
267
26
68
105
476
332
26
212
451
403
282
429
349
496
198
19
170
295
373
265
484
360
400
381
331
219
156
268
126
77
478
3
386
126
396
460
471
22
401
436
234
233
174
230
2
471
122
396
138
303
395
475
422
49
305
134
78
107
68
294
175
34
311
271
349
71
469
326
65
269
137
189
183
451
389
108
33
278
373
167
174
92
178
19
140
45
419
230
157
449
124
379
68
308
195
321
422
187
304
290
227
343
102
101
480
75
472
78
261
251
200
273
214
146
20
319
334
428
254
80
76
164
494
273
482
269
195
195
394
31
446
231
379
177
197
122
481
277
39
239
417
462
255
27
113
278
8
36
230
407
452
456
465
387
294
124
219
472
147
147
441
26
244
96
2
398
241
332
28
197
227
219
426
322
109
384
348
216
220
317
270
484
93
221
222
392
445
419
134
237
10
491
56
386
430
350
4
316
449
300
409
471
29
319
356
426
70
115
142
192
223
60
446
40
377
467
23
13
381
199
467
74
61
486
420
478
361
320
17
140
431
3
355
74
241
118
308
227
215
203
150
48
496
292
51
454
438
49
434
309
323
384
491
71
111
287
295
389
25
194
122
41
323
447
405
360
378
291
429
240
223
96
3
388
246
35
151
199
14
238
143
146
93
483
475
307
114
271
456
109
81
200
247
28
232
24
375
32
18
6
274
151
419
255
6
362
178
482
220
395
357
59
9
171
212
365
106
495
411
174
428
272
252
1
366
330
497
491
201
291
413
324
147
473
201
223
238
232
340
493
145
497
16
70
207
27
444
197
5
145
385
10
148
391
290
104
200
227
70
230
384
426
40
314
334
469
392
415
83
420
239
200
420
421
118
265
292
308
70
458
22
171
309
216
154
250
199
257
427
204
429
63
30
292
317
319
247
118
13
113
67
443
129
443
302
334
23
268
283
22
74
134
368
294
83
129
487
278
496
27
116
159
212
47
267
140
48
295
139
383
288
59
154
134
27
346
495
101
268
100
109
334
264
18
472
366
262
25
188
405
204
27
461
43
310
307
47
335
187
137
467
330
342
331
490
424
224
392
471
280
391
500
43
492
452
294
375
171
66
120
484
50
444
147
331
407
21
385
302
50
252
96
118
493
250
451
187
407
242
222
79
476
144
55
26
58
466
207
234
346
102
98
408
22
156
54
219
421
112
491
9
154
163
489
108
159
431
89
77
335
335
32
388
79
53
345
341
156
322
53
142
118
44
112
180
346
452
262
397
244
390
486
175
489
450
68
291
283
208
454
64
463
283
249
175
241
483
136
35
347
242
497
175
251
160
54
258
73
422
350
471
188
212
157
197
423
426
147
410
332
31
50
180
198
427
302
406
1
234
174
270
396
283
458
359
385
37
338
358
191
422
380
411
463
375
145
348
459
300
375
107
128
242
134
87
314
115
295
432
108
118
365
32
268
398
3
130
52
172
189
305
43
133
74
408
188
309
170
195
305
29
483
121
27
85
103
8
305
342
89
187
134
477
408
154
317
87
131
261
290
60
377
260
437
414
284
267
154
81
185
347
56
32
444
402
322
187
473
383
197
453
270
335
60
104
150
9
77
325
14
485
402
324
163
11
113
141
453
363
267
432
24
428
137
289
62
153
41
277
485
162
426
453
469
199
38
140
212
50
328
47
450
441
498
459
320
192
246
421
384
331
380
364
351
435
70
354
258
296
456
4
256
20
120
62
238
358
124
251
174
228
59
70
265
282
153
72
407
6
79
159
183
388
468
319
282
14
21
291
323
269
424
44
85
4
142
267
318
81
273
457
26
433
279
371
163
176
126
294
202
82
85
8
484
193
383
105
320
422
41
366
428
296
95
271
138
155
43
414
119
396
256
391
480
287
158
474
12
44
190
455
463
495
484
402
337
101
471
40
168
158
48
141
227
488
316
224
313
344
76
338
19
377
141
144
114
153
416
105
142
233
331
399
174
263
70
225
395
258
88
91
70
499
441
467
3
460
45
95
178
60
158
179
434
12
57
332
128
393
105
304
431
3
441
279
420
71
240
87
315
28
299
261
73
345
253
428
453
423
499
417
131
171
297
324
426
407
60
37
107
463
124
69
251
10
68
160
349
264
67
289
27
446
419
342
217
74
466
73
317
270
169
250
307
477
235
433
37
97
479
53
46
119
469
119
334
182
322
373
170
4
378
311
460
173
109
219
199
460
413
406
94
227
265
337
466
134
248
163
335
217
210
27
49
429
212
455
204
417
146
208
176
132
342
88
278
17
339
163
298
294
500
476
406
480
498
463
252
269
323
461
422
308
443
457
291
168
467
326
209
223
412
249
301
318
339
203
159
210
57
95
200
227
219
489
6
125
365
113
379
307
70
198
454
301
85
492
338
228
46
44
106
177
484
264
253
392
95
372
17
161
184
420
490
273
76
62
349
242
466
183
365
453
144
36
215
482
88
461
39
310
301
7
382
136
349
442
328
87
245
229
39
349
254
284
294
205
289
484
403
76
275
287
52
219
397
153
115
272
214
233
167
211
13
464
192
12
453
480
1
111
14
179
126
242
442
18
451
182
444
246
192
59
276
262
453
498
411
442
240
381
34
89
180
138
289
214
56
98
438
68
220
362
298
41
236
339
156
381
120
363
36
149
29
147
423
307
215
221
173
86
192
303
189
392
359
376
173
293
17
300
158
420
50
162
222
179
127
231
86
62
335
83
226
346
190
268
404
361
228
207
469
196
376
297
451
435
134
379
193
64
123
191
391
69
136
94
195
168
318
344
491
236
200
173
369
105
371
411
305
60
142
301
228
455
167
263
449
463
406
179
330
310
256
33
93
73
324
220
30
448
239
237
466
216
18
400
149
88
201
181
352
494
131
53
212
263
295
300
291
324
168
282
54
193
245
237
445
20
333
377
163
433
76
74
55
31
500
418
76
147
309
104
22
110
296
143
183
158
245
437
218
448
30
346
269
405
211
142
122
69
200
487
392
158
454
356
140
337
70
451
245
320
109
67
214
292
370
420
334
289
90
187
266
481
139
229
116
450
223
51
193
186
384
23
114
486
444
261
75
438
88
323
264
159
453
433
432
437
182
470
332
356
46
401
352
289
468
130
376
435
160
159
290
442
412
65
212
126
319
25
348
26
98
77
279
377
291
442
220
321
374
245
328
451
496
263
17
58
128
93
248
207
139
107
68
286
465
111
276
141
459
81
182
460
116
144
342
429
378
267
396
93
296
341
429
368
232
271
356
223
333
446
441
437
246
24
148
342
462
167
242
15
321
72
196
43
307
149
335
397
3
193
38
92
228
492
235
97
477
72
358
151
88
226
25
351
302
112
105
269
228
402
246
278
152
424
495
386
374
258
363
112
345
421
167
94
497
313
309
313
330
416
109
429
18
469
205
209
262
21
16
67
480
56
176
13
233
277
26
17
416
236
486
237
314
53
366
24
135
125
238
451
242
410
7
20
458
397
472
71
242
26
360
42
143
458
225
473
392
304
400
408
375
334
44
213
294
292
427
366
298
421
346
136
210
480
319
373
211
351
173
391
450
381
133
181
469
205
259
136
386
453
327
38
483
330
66
68
12
260
185
424
346
266
380
92
338
286
47
394
13
385
202
131
96
141
193
426
283
303
21
266
357
360
219
253
210
451
6
447
299
18
117
202
416
404
184
477
339
187
261
477
146
263
312
338
30
343
110
12
103
186
393
319
160
246
158
71
231
325
205
73
166
471
476
343